99
87
117
133
